               best   ____________rate__________    ________statistics________    ________last_______    ______sum-of________
 mode guard #  rate  [name   idx airtime  max_tp]  [avg(tp) avg(prob) sd(prob)]  [prob.|retry|suc|att]  [#success | #attempts]
HE 20   +3200ns  1   ABP    MCS0/1  960    1359  661.848         0         0        0        0   1     0    0           0           0
HE 20   +3200ns  1          MCS1/1  961     701  1282.21         0         0        0        0   1     0    0           0           0
HE 20   +3200ns  1          MCS2/1  962     482  1864.86         0         0        0        0   1     0    0           0           0
HE 20   +3200ns  1          MCS3/1  963     372  2413.15         0         0        0        0   1     0    0           0           0
HE 20   +3200ns  1          MCS4/1  964     263   3418.1         0         0        0        0   1     0    0           0           0
HE 20   +3200ns  1          MCS5/1  965     208     4317         0         0        0        0   1     0    0           0           0
HE 20   +3200ns  1          MCS6/1  966     190  4731.79         0         0        0        0   1     0    0           0           0
HE 20   +3200ns  1          MCS7/1  967     175  5125.81         0         0        0        0   1     0    0           0           0
HE 20   +3200ns  1          MCS8/1  968     153  5857.39         0         0        0        0   1     0    0           0           0
HE 20   +3200ns  1          MCS9/1  969     142  6307.51         0         0        0        0   1     0    0           0           0
HE 20   +3200ns  1          MCS10/1  970     131  6832.62         0         0        0        0   1     0    0           0           0
HE 20   +3200ns  1          MCS11/1  971     122  7320.11         0         0        0        0   1     0    0           0           0
HE 20   +1600ns  1          MCS0/1  1056    1228  732.752         0         0        0        0   1     0    0           0           0
HE 20   +1600ns  1          MCS1/1  1057     636  1414.82         0         0        0        0   1     0    0           0           0
HE 20   +1600ns  1          MCS2/1  1058     438  2051.29         0         0        0        0   1     0    0           0           0
HE 20   +1600ns  1          MCS3/1  1059     340  2646.58         0         0        0        0   1     0    0           0           0
HE 20   +1600ns  1          MCS4/1  1060     241  3728.65         0         0        0        0   1     0    0           0           0
HE 20   +1600ns  1          MCS5/1  1061     192  4686.77         0         0        0        0   1     0    0           0           0
HE 20   +1600ns  1          MCS6/1  1062     175  5125.81         0         0        0        0   1     0    0           0           0
HE 20   +1600ns  1          MCS7/1  1063     162  5541.05         0         0        0        0   1     0    0           0           0
HE 20   +1600ns  1          MCS8/1  1064     142  6307.51         0         0        0        0   1     0    0           0           0
HE 20   +1600ns  1          MCS9/1  1065     132  6776.19         0         0        0        0   1     0    0           0           0
HE 20   +1600ns  1          MCS10/1  1066     122  7320.11         0         0        0        0   1     0    0           0           0
HE 20   +1600ns  1          MCS11/1  1067     115  7822.41         0         0        0        0   1     0    0           0           0
HE 20   +800ns  1          MCS0/1  1152    1162  774.224         0         0        0        0   1     0    0           0           0
HE 20   +800ns  1          MCS1/1  1153     603  1491.98         0         0        0        0   1     0    0           0           0
HE 20   +800ns  1          MCS2/1  1154     416  2159.22         0         0        0        0   1     0    0           0           0
HE 20   +800ns  1          MCS3/1  1155     323   2781.1         0         0        0        0   1     0    0           0           0
HE 20   +800ns  1          MCS4/1  1156     230   3906.1         0         0        0        0   1     0    0           0           0
HE 20   +800ns  1          MCS5/1  1157     183  4896.47         0         0        0        0   1     0    0           0           0
HE 20   +800ns  1          MCS6/1  1158     168  5348.48         0         0        0        0   1     0    0           0           0
HE 20   +800ns  1          MCS7/1  1159     155  5774.97         0         0        0        0   1     0    0           0           0
HE 20   +800ns  1          MCS8/1  1160     137  6559.58         0         0        0        0   1     0    0           0           0
HE 20   +800ns  1          MCS9/1  1161     127  7037.63         0         0        0        0   1     0    0           0           0
HE 20   +800ns  1          MCS10/1  1162     118   7590.9         0         0        0        0   1     0    0           0           0
HE 20   +800ns  1          MCS11/1  1163     111   8100.3         0         0        0        0   1     0    0           0           0

Total packet count::    ideal 0              lookaround 0
Average # of aggregated frames per A-MPDU: 1

