time_s,kind,mcs,width_mhz,nss,n_succ,n_fail,data_snr_linear,q
0.120276,dataFail,0,20,1,0,1,nan,0.500000
0.120625,dataOk,0,20,1,1,0,4202.943513,0.500000
0.507078,dataOk,0,20,1,1,0,5010.937693,0.500000
0.507680,dataFail,10,80,2,0,1,nan,0.500000
0.507833,dataFail,11,80,2,0,1,nan,0.500000
0.509995,dataFail,8,80,2,0,1,nan,0.500000
0.510544,dataFail,10,80,2,0,1,nan,0.500000
0.513790,dataFail,10,80,2,0,1,nan,0.500000
0.520621,dataFail,8,80,2,0,1,nan,0.500000
0.568027,dataFail,9,80,2,0,1,nan,0.500000
0.575399,dataFail,11,80,2,0,1,nan,0.500000
0.576627,dataFail,6,80,2,0,1,nan,0.500000
0.579256,dataOk,8,80,2,1,0,464.170873,0.500000
0.594068,dataFail,8,80,2,0,1,nan,0.500000
0.594461,dataFail,8,80,2,0,1,nan,0.500000
0.594719,dataFail,8,80,2,0,1,nan,0.500000
0.596714,dataOk,8,80,2,1,0,910.034195,0.500000
