time_s,kind,mcs,width_mhz,nss,n_succ,n_fail,data_snr_linear,q
0.120276,dataFail,0,20,1,0,1,nan,0.500000
0.121345,dataFail,0,20,1,0,1,nan,0.500000
0.122794,dataOk,0,20,1,1,0,3531.937253,0.500000
0.503310,dataOk,0,20,1,1,0,1552.006219,0.500000
0.503728,dataFail,11,80,2,0,1,nan,0.500000
0.504070,dataFail,10,80,2,0,1,nan,0.500000
0.507286,dataFail,11,80,2,0,1,nan,0.500000
0.514691,dataFail,10,80,2,0,1,nan,0.500000
0.520222,dataFail,11,80,2,0,1,nan,0.500000
0.545605,dataFail,8,80,2,0,1,nan,0.500000
0.595058,dataOk,7,80,2,1,0,177.767295,0.500000
0.619014,dataOk,7,80,2,1,0,1061.219084,0.500000
