time_s,kind,mcs,width_mhz,nss,n_succ,n_fail,data_snr_linear,q
0.120276,dataFail,0,20,1,0,1,nan,0.500000
0.120583,dataFail,0,20,1,0,1,nan,0.500000
0.121185,dataFail,0,20,1,0,1,nan,0.500000
0.121890,dataFail,0,20,1,0,1,nan,0.500000
0.122990,dataOk,0,20,1,1,0,61494.828610,0.500000
0.509622,dataOk,0,20,1,1,0,35862.174403,0.500000
0.510021,dataFail,11,80,2,0,1,nan,0.500000
0.512572,dataOk,10,80,2,1,0,4636.497870,0.500000
0.521852,dataFail,10,80,2,0,1,nan,0.500000
0.524484,dataOk,10,80,2,1,0,42203.972318,0.500000
