time_s,kind,mcs,width_mhz,nss,n_succ,n_fail,data_snr_linear,q
0.120291,dataFail,0,20,1,0,1,nan,0.500000
0.120598,dataFail,0,20,1,0,1,nan,0.500000
0.121613,dataOk,0,20,1,1,0,5785.587015,0.500000
2.059723,dataOk,0,20,1,1,0,89.246636,0.500000
2.060935,dataFail,11,80,2,0,1,nan,0.500000
2.061350,dataFail,10,80,2,0,1,nan,0.500000
2.062007,dataFail,9,80,2,0,1,nan,0.500000
2.062521,dataFail,8,80,2,0,1,nan,0.500000
2.066507,dataFail,11,80,2,0,1,nan,0.500000
2.068007,dataFail,10,80,2,0,1,nan,0.500000
2.071106,dataFail,7,80,2,0,1,nan,0.500000
2.075993,dataFail,6,80,2,0,1,nan,0.500000
2.076245,dataFail,9,80,2,0,1,nan,0.500000
2.076945,dataFail,11,80,2,0,1,nan,0.500000
2.077535,dataFail,11,80,1,0,1,nan,0.500000
2.078059,dataFail,8,80,2,0,1,nan,0.500000
2.080028,dataFail,5,80,2,0,1,nan,0.500000
2.080470,dataFail,11,40,2,0,1,nan,0.500000
2.086195,dataFail,10,80,2,0,1,nan,0.500000
2.091082,dataFail,10,80,1,0,1,nan,0.500000
2.091353,dataFail,10,40,2,0,1,nan,0.500000
2.091632,dataFail,11,80,2,0,1,nan,0.500000
2.092110,dataFail,9,80,2,0,1,nan,0.500000
2.092659,dataFail,7,80,2,0,1,nan,0.500000
2.093507,dataFail,9,80,1,0,1,nan,0.500000
2.096208,dataFail,9,40,2,0,1,nan,0.500000
2.103880,dataFail,10,80,2,0,1,nan,0.500000
2.104493,dataFail,8,80,2,0,1,nan,0.500000
2.104682,dataFail,6,80,2,0,1,nan,0.500000
2.106161,dataFail,4,80,2,0,1,nan,0.500000
2.106700,dataFail,8,80,1,0,1,nan,0.500000
2.107975,dataFail,11,80,2,0,1,nan,0.500000
2.108390,dataFail,8,40,2,0,1,nan,0.500000
2.111789,dataFail,11,80,1,0,1,nan,0.500000
2.115700,dataFail,9,80,2,0,1,nan,0.500000
2.122805,dataFail,5,80,2,0,1,nan,0.500000
2.122986,dataFail,11,40,2,0,1,nan,0.500000
2.123247,dataFail,10,80,2,0,1,nan,0.500000
2.123770,dataFail,7,80,2,0,1,nan,0.500000
2.124240,dataFail,10,80,1,0,1,nan,0.500000
2.124582,dataFail,11,80,2,0,1,nan,0.500000
2.127211,dataFail,8,80,2,0,1,nan,0.500000
2.133275,dataFail,7,80,1,0,1,nan,0.500000
2.138896,dataFail,10,40,2,0,1,nan,0.500000
2.139050,dataFail,7,40,2,0,1,nan,0.500000
2.139203,dataFail,9,80,2,0,1,nan,0.500000
2.139699,dataFail,6,80,2,0,1,nan,0.500000
2.140249,dataFail,10,80,2,0,1,nan,0.500000
2.142299,dataFail,9,80,1,0,1,nan,0.500000
2.142921,dataFail,11,80,2,0,1,nan,0.500000
2.153596,dataFail,6,80,1,0,1,nan,0.500000
2.157652,dataFail,11,80,1,0,1,nan,0.500000
2.157895,dataFail,9,40,2,0,1,nan,0.500000
2.158148,dataFail,8,80,2,0,1,nan,0.500000
2.158787,dataFail,7,80,2,0,1,nan,0.500000
2.160250,dataFail,6,40,2,0,1,nan,0.500000
2.163195,dataFail,5,80,2,0,1,nan,0.500000
2.165926,dataFail,11,40,2,0,1,nan,0.500000
2.166646,dataFail,9,80,2,0,1,nan,0.500000
2.168899,dataFail,4,80,2,0,1,nan,0.500000
2.169160,dataFail,10,80,2,0,1,nan,0.500000
2.169477,dataFail,8,80,1,0,1,nan,0.500000
2.169630,dataFail,11,80,2,0,1,nan,0.500000
2.170072,dataFail,3,80,2,0,1,nan,0.500000
2.170515,dataFail,5,80,1,0,1,nan,0.500000
2.170705,dataFail,10,80,1,0,1,nan,0.500000
2.178908,dataFail,11,20,2,0,1,nan,0.500000
2.184471,dataFail,8,40,2,0,1,nan,0.500000
2.184616,dataFail,11,40,1,0,1,nan,0.500000
2.184932,dataFail,6,80,2,0,1,nan,0.500000
2.185768,dataFail,10,40,2,0,1,nan,0.500000
2.186789,dataFail,8,80,2,0,1,nan,0.500000
2.189431,dataFail,5,40,2,0,1,nan,0.500000
2.195120,dataFail,11,80,2,0,1,nan,0.500000
2.199008,dataFail,10,80,2,0,1,nan,0.500000
2.209087,dataFail,9,80,2,0,1,nan,0.500000
2.209304,dataFail,7,80,2,0,1,nan,0.500000
2.209557,dataFail,11,80,1,0,1,nan,0.500000
2.209730,dataFail,9,80,1,0,1,nan,0.500000
2.210297,dataFail,10,20,2,0,1,nan,0.500000
2.211937,dataFail,10,40,1,0,1,nan,0.500000
2.213594,dataFail,5,80,2,0,1,nan,0.500000
2.218879,dataFail,11,80,2,0,1,nan,0.500000
2.228745,dataFail,11,40,2,0,1,nan,0.500000
2.228908,dataFail,10,80,2,0,1,nan,0.500000
2.229225,dataFail,7,80,1,0,1,nan,0.500000
2.229585,dataFail,8,80,2,0,1,nan,0.500000
2.229874,dataFail,9,40,2,0,1,nan,0.500000
2.232513,dataFail,9,80,2,0,1,nan,0.500000
2.234470,dataFail,6,80,2,0,1,nan,0.500000
2.236265,dataFail,10,80,1,0,1,nan,0.500000
2.236437,dataFail,7,40,2,0,1,nan,0.500000
2.236712,dataFail,11,80,2,0,1,nan,0.500000
2.236902,dataFail,7,80,2,0,1,nan,0.500000
2.237217,dataFail,4,80,2,0,1,nan,0.500000
2.237426,dataFail,8,80,1,0,1,nan,0.500000
2.239362,dataFail,10,80,2,0,1,nan,0.500000
2.243119,dataFail,10,40,2,0,1,nan,0.500000
2.248957,dataFail,9,20,2,0,1,nan,0.500000
2.252333,dataFail,11,80,1,0,1,nan,0.500000
2.252479,dataFail,6,80,1,0,1,nan,0.500000
2.252813,dataFail,9,40,1,0,1,nan,0.500000
2.253003,dataFail,9,80,2,0,1,nan,0.500000
2.253523,dataFail,8,80,2,0,1,nan,0.500000
2.255332,dataFail,8,40,2,0,1,nan,0.500000
2.256926,dataFail,11,80,2,0,1,nan,0.500000
2.259356,dataFail,5,80,2,0,1,nan,0.500000
2.264614,dataFail,6,40,2,0,1,nan,0.500000
2.264822,dataFail,11,40,2,0,1,nan,0.500000
2.265049,dataFail,9,80,1,0,1,nan,0.500000
2.265400,dataFail,10,80,2,0,1,nan,0.500000
2.265833,dataFail,6,80,2,0,1,nan,0.500000
2.267527,dataFail,2,80,2,0,1,nan,0.500000
2.271502,dataFail,4,80,1,0,1,nan,0.500000
2.274196,dataFail,7,80,2,0,1,nan,0.500000
2.274664,dataFail,9,80,2,0,1,nan,0.500000
2.274845,dataFail,11,80,2,0,1,nan,0.500000
2.275126,dataFail,10,80,1,0,1,nan,0.500000
2.275279,dataFail,8,80,2,0,1,nan,0.500000
2.275847,dataFail,9,40,2,0,1,nan,0.500000
2.277669,dataFail,4,40,2,0,1,nan,0.500000
2.282090,dataFail,8,20,2,0,1,nan,0.500000
2.288158,dataFail,8,40,1,0,1,nan,0.500000
2.294575,dataFail,3,80,2,0,1,nan,0.500000
2.294774,dataFail,10,80,2,0,1,nan,0.500000
2.295041,dataFail,5,80,1,0,1,nan,0.500000
2.295700,dataFail,11,20,2,0,1,nan,0.500000
2.296012,dataFail,11,80,1,0,1,nan,0.500000
2.297370,dataFail,11,40,1,0,1,nan,0.500000
2.298415,dataFail,10,40,2,0,1,nan,0.500000
2.302151,dataFail,11,80,2,0,1,nan,0.500000
2.311594,dataFail,7,80,1,0,1,nan,0.500000
2.311864,dataFail,9,80,2,0,1,nan,0.500000
2.312126,dataFail,4,80,2,0,1,nan,0.500000
2.312344,dataFail,8,80,1,0,1,nan,0.500000
2.313490,dataFail,5,80,2,0,1,nan,0.500000
2.315278,dataFail,6,80,2,0,1,nan,0.500000
2.318926,dataFail,7,80,2,0,1,nan,0.500000
2.327956,dataFail,8,80,2,0,1,nan,0.500000
2.334688,dataFail,11,40,2,0,1,nan,0.500000
2.334976,dataFail,10,80,2,0,1,nan,0.500000
2.335373,dataFail,5,40,2,0,1,nan,0.500000
2.335724,dataFail,11,80,2,0,1,nan,0.500000
2.336067,dataFail,7,40,2,0,1,nan,0.500000
2.336365,dataFail,8,40,2,0,1,nan,0.500000
2.340641,dataFail,9,80,1,0,1,nan,0.500000
2.347705,dataFail,9,80,2,0,1,nan,0.500000
2.349345,dataFail,10,80,1,0,1,nan,0.500000
2.349589,dataFail,10,80,2,0,1,nan,0.500000
2.350013,dataFail,11,80,1,0,1,nan,0.500000
2.350572,dataFail,11,80,2,0,1,nan,0.500000
2.351301,dataFail,8,80,2,0,1,nan,0.500000
2.351680,dataFail,10,20,2,0,1,nan,0.500000
2.354954,dataFail,10,40,1,0,1,nan,0.500000
2.355877,dataFail,9,40,2,0,1,nan,0.500000
2.361291,dataFail,6,80,1,0,1,nan,0.500000
2.361630,dataFail,7,80,2,0,1,nan,0.500000
2.362044,dataFail,6,80,2,0,1,nan,0.500000
2.362198,dataFail,10,40,2,0,1,nan,0.500000
2.363162,dataFail,5,80,2,0,1,nan,0.500000
2.365813,dataFail,9,80,2,0,1,nan,0.500000
2.366812,dataFail,11,40,2,0,1,nan,0.500000
2.370574,dataFail,10,80,2,0,1,nan,0.500000
2.371777,dataFail,11,80,2,0,1,nan,0.500000
2.371975,dataFail,6,40,2,0,1,nan,0.500000
2.372408,dataFail,4,80,2,0,1,nan,0.500000
2.372832,dataFail,8,80,1,0,1,nan,0.500000
2.373775,dataFail,8,80,2,0,1,nan,0.500000
2.375509,dataFail,7,20,2,0,1,nan,0.500000
2.379701,dataFail,7,40,1,0,1,nan,0.500000
2.386752,dataFail,9,80,1,0,1,nan,0.500000
2.392569,dataFail,10,80,1,0,1,nan,0.500000
2.392795,dataFail,11,80,2,0,1,nan,0.500000
2.392948,dataFail,7,80,2,0,1,nan,0.500000
2.393229,dataFail,11,80,1,0,1,nan,0.500000
2.394320,dataFail,10,80,2,0,1,nan,0.500000
2.395185,dataFail,9,80,2,0,1,nan,0.500000
2.398813,dataFail,7,80,1,0,1,nan,0.500000
2.400794,dataFail,6,80,2,0,1,nan,0.500000
2.403460,dataFail,8,40,2,0,1,nan,0.500000
2.403667,dataFail,3,80,2,0,1,nan,0.500000
2.403867,dataFail,5,80,1,0,1,nan,0.500000
2.404543,dataFail,9,20,2,0,1,nan,0.500000
2.405173,dataFail,8,80,2,0,1,nan,0.500000
2.407353,dataFail,9,40,1,0,1,nan,0.500000
2.410397,dataFail,5,80,2,0,1,nan,0.500000
2.412545,dataFail,11,80,2,0,1,nan,0.500000
2.421425,dataFail,10,40,2,0,1,nan,0.500000
2.421669,dataFail,9,40,2,0,1,nan,0.500000
2.421894,dataFail,11,20,2,0,1,nan,0.500000
2.422462,dataFail,11,40,2,0,1,nan,0.500000
2.422670,dataFail,10,80,2,0,1,nan,0.500000
2.424318,dataFail,11,40,1,0,1,nan,0.500000
2.427136,dataFail,7,40,2,0,1,nan,0.500000
2.428792,dataFail,9,80,2,0,1,nan,0.500000
2.431610,dataFail,7,80,2,0,1,nan,0.500000
2.431872,dataFail,11,80,2,0,1,nan,0.500000
2.432071,dataFail,11,80,1,0,1,nan,0.500000
2.432405,dataFail,5,40,2,0,1,nan,0.500000
2.432963,dataFail,8,80,2,0,1,nan,0.500000
2.433797,dataFail,10,80,2,0,1,nan,0.500000
2.438852,dataFail,6,80,2,0,1,nan,0.500000
2.442904,dataFail,10,80,1,0,1,nan,0.500000
2.444218,dataFail,4,80,2,0,1,nan,0.500000
2.444409,dataFail,8,80,1,0,1,nan,0.500000
2.444833,dataFail,2,80,2,0,1,nan,0.500000
2.445203,dataFail,4,80,1,0,1,nan,0.500000
2.445771,dataFail,9,80,2,0,1,nan,0.500000
2.446257,dataFail,6,80,1,0,1,nan,0.500000
2.448762,dataFail,9,80,1,0,1,nan,0.500000
2.449997,dataFail,11,80,2,0,1,nan,0.500000
2.456516,dataFail,5,80,2,0,1,nan,0.500000
2.456697,dataFail,6,20,2,0,1,nan,0.500000
2.456995,dataFail,6,40,1,0,1,nan,0.500000
2.457554,dataFail,11,40,2,0,1,nan,0.500000
2.458275,dataFail,10,80,2,0,1,nan,0.500000
2.460699,dataFail,7,80,2,0,1,nan,0.500000
2.463039,dataFail,10,40,2,0,1,nan,0.500000
2.464360,dataFail,8,80,2,0,1,nan,0.500000
2.470350,dataFail,4,40,2,0,1,nan,0.500000
2.470609,dataFail,8,40,2,0,1,nan,0.500000
2.470862,dataFail,6,40,2,0,1,nan,0.500000
2.471339,dataFail,8,20,2,0,1,nan,0.500000
2.472703,dataFail,9,80,2,0,1,nan,0.500000
2.475071,dataFail,8,40,1,0,1,nan,0.500000
2.478811,dataFail,11,80,2,0,1,nan,0.500000
2.488238,dataFail,9,40,2,0,1,nan,0.500000
2.497430,dataFail,7,80,1,0,1,nan,0.500000
2.497585,dataFail,11,80,1,0,1,nan,0.500000
2.497883,dataFail,6,80,2,0,1,nan,0.500000
2.498261,dataFail,10,20,2,0,1,nan,0.500000
2.498641,dataFail,10,40,1,0,1,nan,0.500000
2.499073,dataFail,10,80,2,0,1,nan,0.500000
2.499804,dataFail,10,80,1,0,1,nan,0.500000
2.503903,dataFail,11,80,2,0,1,nan,0.500000
2.509339,dataFail,8,80,2,0,1,nan,0.500000
2.509672,dataFail,9,80,2,0,1,nan,0.500000
2.510023,dataFail,7,80,2,0,1,nan,0.500000
2.510663,dataFail,5,80,2,0,1,nan,0.500000
2.511024,dataFail,7,40,2,0,1,nan,0.500000
2.513414,dataFail,9,80,1,0,1,nan,0.500000
2.516521,dataFail,4,80,2,0,1,nan,0.500000
2.518637,dataFail,8,80,1,0,1,nan,0.500000
2.520051,dataFail,10,80,2,0,1,nan,0.500000
2.520241,dataFail,11,40,2,0,1,nan,0.500000
2.520457,dataFail,11,80,2,0,1,nan,0.500000
2.520773,dataFail,3,80,2,0,1,nan,0.500000
2.521287,dataFail,5,80,1,0,1,nan,0.500000
2.522653,dataFail,10,40,2,0,1,nan,0.500000
2.526982,dataFail,6,80,2,0,1,nan,0.500000
2.536396,dataFail,11,20,2,0,1,nan,0.500000
2.541985,dataFail,9,80,2,0,1,nan,0.500000
2.542167,dataFail,11,80,1,0,1,nan,0.500000
2.542600,dataFail,8,80,2,0,1,nan,0.500000
2.542772,dataFail,11,40,1,0,1,nan,0.500000
2.543088,dataFail,10,80,2,0,1,nan,0.500000
2.543763,dataFail,11,80,2,0,1,nan,0.500000
2.544151,dataFail,7,80,2,0,1,nan,0.500000
2.553799,dataFail,9,40,2,0,1,nan,0.500000
2.555329,dataFail,8,40,2,0,1,nan,0.500000
2.555610,dataFail,10,80,1,0,1,nan,0.500000
2.555990,dataFail,6,80,1,0,1,nan,0.500000
2.556539,dataFail,1,80,2,0,1,nan,0.500000
2.557441,dataFail,3,80,1,0,1,nan,0.500000
2.558036,dataFail,11,20,1,0,1,nan,0.500000
4.047035,dataFail,11,20,1,0,1,nan,0.500000
4.047396,dataFail,11,20,1,0,1,nan,0.500000
4.047730,dataFail,11,20,1,0,1,nan,0.500000
4.048091,dataFail,11,20,1,0,1,nan,0.500000
4.048434,dataFail,11,20,1,0,1,nan,0.500000
4.048768,dataFail,11,20,1,0,1,nan,0.500000
4.049075,dataFail,11,20,1,0,1,nan,0.500000
4.547042,dataFail,11,20,1,0,1,nan,0.500000
4.547376,dataFail,11,20,1,0,1,nan,0.500000
4.547683,dataFail,11,20,1,0,1,nan,0.500000
4.548053,dataFail,11,20,1,0,1,nan,0.500000
4.548423,dataFail,11,20,1,0,1,nan,0.500000
4.548757,dataFail,11,20,1,0,1,nan,0.500000
4.549100,dataFail,11,20,1,0,1,nan,0.500000
5.047039,dataFail,11,20,1,0,1,nan,0.500000
5.047400,dataFail,11,20,1,0,1,nan,0.500000
5.047734,dataFail,11,20,1,0,1,nan,0.500000
5.048059,dataFail,11,20,1,0,1,nan,0.500000
5.048384,dataFail,11,20,1,0,1,nan,0.500000
5.048718,dataFail,11,20,1,0,1,nan,0.500000
5.049025,dataFail,11,20,1,0,1,nan,0.500000
