time_s,kind,mcs,width_mhz,nss,n_succ,n_fail,data_snr_linear,q
0.120291,dataOk,0,20,1,1,0,3.167134,0.500000
0.500313,dataOk,0,20,1,1,0,5721.316653,0.500000
0.500749,dataFail,11,80,2,0,1,nan,0.500000
0.501737,dataFail,10,80,2,0,1,nan,0.500000
0.502853,dataFail,9,80,2,0,1,nan,0.500000
0.506367,dataFail,8,80,2,0,1,nan,0.500000
0.507779,dataFail,11,80,2,0,1,nan,0.500000
0.529881,dataFail,10,80,2,0,1,nan,0.500000
0.576566,dataOk,7,80,2,1,0,432.399301,0.500000
0.594597,dataOk,7,80,2,1,0,5180.279572,0.500000
