time_s,kind,mcs,width_mhz,nss,n_succ,n_fail,data_snr_linear,q
0.120276,dataFail,0,20,1,0,1,nan,0.500000
0.121345,dataFail,0,20,1,0,1,nan,0.500000
0.122794,dataOk,0,20,1,1,0,3531.937253,0.500000
0.503310,dataOk,0,20,1,1,0,1552.006219,0.500000
0.503728,dataFail,11,80,2,0,1,nan,0.500000
0.504070,dataFail,10,80,2,0,1,nan,0.500000
0.505667,dataFail,9,80,2,0,1,nan,0.500000
0.513832,dataFail,8,80,2,0,1,nan,0.500000
0.514490,dataFail,11,80,2,0,1,nan,0.500000
0.531324,dataFail,10,80,2,0,1,nan,0.500000
0.567932,dataOk,7,80,2,1,0,94.914630,0.500000
0.594404,dataFail,7,80,2,0,1,nan,0.500000
0.595653,dataOk,7,80,2,1,0,944.187537,0.500000
