time_s,kind,mcs,width_mhz,nss,n_succ,n_fail,data_snr_linear,q
0.120276,dataFail,0,20,1,0,1,nan,0.500000
0.120625,dataOk,0,20,1,1,0,4202.943513,0.500000
1.992061,dataOk,0,20,1,1,0,47.050417,0.500000
1.992514,dataFail,11,80,2,0,1,nan,0.500000
1.992668,dataFail,10,80,2,0,1,nan,0.500000
1.993172,dataFail,9,80,2,0,1,nan,0.500000
1.993874,dataFail,8,80,2,0,1,nan,0.500000
1.994856,dataFail,11,80,2,0,1,nan,0.500000
1.995838,dataFail,10,80,2,0,1,nan,0.500000
2.003047,dataFail,7,80,2,0,1,nan,0.500000
2.004581,dataFail,6,80,2,0,1,nan,0.500000
2.005014,dataFail,9,80,2,0,1,nan,0.500000
2.005429,dataFail,11,80,2,0,1,nan,0.500000
2.005925,dataFail,11,80,1,0,1,nan,0.500000
2.007296,dataFail,8,80,2,0,1,nan,0.500000
2.007819,dataFail,5,80,2,0,1,nan,0.500000
2.010406,dataFail,11,40,2,0,1,nan,0.500000
2.012595,dataFail,10,80,2,0,1,nan,0.500000
2.014994,dataFail,10,80,1,0,1,nan,0.500000
2.015285,dataFail,10,40,2,0,1,nan,0.500000
2.015655,dataFail,11,80,2,0,1,nan,0.500000
2.016159,dataFail,9,80,2,0,1,nan,0.500000
2.017302,dataFail,7,80,2,0,1,nan,0.500000
2.019121,dataFail,9,80,1,0,1,nan,0.500000
2.023477,dataFail,9,40,2,0,1,nan,0.500000
2.023720,dataFail,10,80,2,0,1,nan,0.500000
2.023901,dataFail,8,80,2,0,1,nan,0.500000
2.024055,dataFail,6,80,2,0,1,nan,0.500000
2.024370,dataFail,4,80,2,0,1,nan,0.500000
2.025176,dataFail,8,80,1,0,1,nan,0.500000
2.027201,dataFail,8,40,2,0,1,nan,0.500000
2.029759,dataFail,11,80,2,0,1,nan,0.500000
2.032166,dataFail,11,80,1,0,1,nan,0.500000
2.041307,dataFail,9,80,2,0,1,nan,0.500000
2.050727,dataFail,5,80,2,0,1,nan,0.500000
2.050926,dataFail,11,40,2,0,1,nan,0.500000
2.051178,dataFail,10,80,2,0,1,nan,0.500000
2.051458,dataFail,7,80,2,0,1,nan,0.500000
2.052099,dataFail,10,80,1,0,1,nan,0.500000
2.054388,dataFail,11,80,2,0,1,nan,0.500000
2.057928,dataFail,8,80,2,0,1,nan,0.500000
2.058433,dataFail,7,80,1,0,1,nan,0.500000
2.059856,dataFail,10,40,2,0,1,nan,0.500000
2.060018,dataFail,7,40,2,0,1,nan,0.500000
2.060199,dataFail,9,80,2,0,1,nan,0.500000
2.061022,dataFail,6,80,2,0,1,nan,0.500000
2.061185,dataFail,10,80,2,0,1,nan,0.500000
2.063459,dataFail,9,80,1,0,1,nan,0.500000
2.063803,dataFail,6,80,1,0,1,nan,0.500000
2.067443,dataFail,11,80,2,0,1,nan,0.500000
2.075445,dataFail,11,80,1,0,1,nan,0.500000
2.075972,dataFail,9,40,2,0,1,nan,0.500000
2.076278,dataFail,6,40,2,0,1,nan,0.500000
2.076738,dataFail,8,80,2,0,1,nan,0.500000
2.076892,dataFail,7,80,2,0,1,nan,0.500000
2.077045,dataFail,5,80,2,0,1,nan,0.500000
2.079170,dataFail,11,40,2,0,1,nan,0.500000
2.088846,dataFail,4,80,2,0,1,nan,0.500000
2.094586,dataFail,9,80,2,0,1,nan,0.500000
2.094831,dataFail,8,80,1,0,1,nan,0.500000
2.094993,dataFail,10,80,2,0,1,nan,0.500000
2.095490,dataFail,11,80,2,0,1,nan,0.500000
2.096724,dataFail,3,80,2,0,1,nan,0.500000
2.096906,dataFail,5,80,1,0,1,nan,0.500000
2.100854,dataFail,8,40,2,0,1,nan,0.500000
2.108040,dataFail,10,80,1,0,1,nan,0.500000
2.111807,dataFail,11,20,2,0,1,nan,0.500000
2.112069,dataFail,11,40,1,0,1,nan,0.500000
2.112475,dataFail,6,80,2,0,1,nan,0.500000
2.113176,dataFail,10,40,2,0,1,nan,0.500000
2.113869,dataFail,8,80,2,0,1,nan,0.500000
2.114806,dataFail,5,40,2,0,1,nan,0.500000
2.119611,dataFail,11,80,2,0,1,nan,0.500000
2.121663,dataFail,10,80,2,0,1,nan,0.500000
2.124267,dataFail,9,80,2,0,1,nan,0.500000
2.124456,dataFail,7,80,2,0,1,nan,0.500000
2.124836,dataFail,11,80,1,0,1,nan,0.500000
2.125350,dataFail,9,80,1,0,1,nan,0.500000
2.126134,dataFail,10,20,2,0,1,nan,0.500000
2.127745,dataFail,10,40,1,0,1,nan,0.500000
2.127952,dataFail,5,80,2,0,1,nan,0.500000
2.135483,dataFail,11,40,2,0,1,nan,0.500000
2.141332,dataFail,11,80,2,0,1,nan,0.500000
2.141604,dataFail,7,80,1,0,1,nan,0.500000
2.141793,dataFail,10,80,2,0,1,nan,0.500000
2.142545,dataFail,9,40,2,0,1,nan,0.500000
2.143536,dataFail,8,80,2,0,1,nan,0.500000
2.145156,dataFail,9,80,2,0,1,nan,0.500000
2.148683,dataFail,6,80,2,0,1,nan,0.500000
2.156133,dataFail,7,40,2,0,1,nan,0.500000
2.160961,dataFail,10,80,1,0,1,nan,0.500000
2.161249,dataFail,4,80,2,0,1,nan,0.500000
2.161637,dataFail,11,80,2,0,1,nan,0.500000
2.162019,dataFail,7,80,2,0,1,nan,0.500000
2.163274,dataFail,8,80,1,0,1,nan,0.500000
2.165577,dataFail,10,80,2,0,1,nan,0.500000
2.167974,dataFail,10,40,2,0,1,nan,0.500000
2.168308,dataFail,6,80,1,0,1,nan,0.500000
2.176738,dataFail,11,80,1,0,1,nan,0.500000
2.177000,dataFail,9,80,2,0,1,nan,0.500000
2.177208,dataFail,8,40,2,0,1,nan,0.500000
2.177667,dataFail,9,20,2,0,1,nan,0.500000
2.179051,dataFail,9,40,1,0,1,nan,0.500000
2.181228,dataFail,8,80,2,0,1,nan,0.500000
2.181877,dataFail,11,80,2,0,1,nan,0.500000
2.184582,dataFail,5,80,2,0,1,nan,0.500000
2.186397,dataFail,11,40,2,0,1,nan,0.500000
2.186641,dataFail,6,40,2,0,1,nan,0.500000
2.187021,dataFail,9,80,1,0,1,nan,0.500000
2.187593,dataFail,10,80,2,0,1,nan,0.500000
2.188824,dataFail,6,80,2,0,1,nan,0.500000
2.189338,dataFail,2,80,2,0,1,nan,0.500000
2.190699,dataFail,4,80,1,0,1,nan,0.500000
2.195442,dataFail,7,80,2,0,1,nan,0.500000
2.198242,dataFail,9,80,2,0,1,nan,0.500000
2.198467,dataFail,11,80,2,0,1,nan,0.500000
2.198666,dataFail,9,40,2,0,1,nan,0.500000
2.199108,dataFail,8,80,2,0,1,nan,0.500000
2.200445,dataFail,10,80,1,0,1,nan,0.500000
2.202434,dataFail,4,40,2,0,1,nan,0.500000
2.202678,dataFail,8,20,2,0,1,nan,0.500000
2.208052,dataFail,8,40,1,0,1,nan,0.500000
2.218069,dataFail,3,80,2,0,1,nan,0.500000
2.218313,dataFail,10,80,2,0,1,nan,0.500000
2.218630,dataFail,5,80,1,0,1,nan,0.500000
2.219063,dataFail,11,80,1,0,1,nan,0.500000
2.219865,dataFail,11,20,2,0,1,nan,0.500000
2.220992,dataFail,11,40,1,0,1,nan,0.500000
2.223706,dataFail,10,40,2,0,1,nan,0.500000
2.226709,dataFail,11,80,2,0,1,nan,0.500000
2.226863,dataFail,7,80,1,0,1,nan,0.500000
2.227246,dataFail,4,80,2,0,1,nan,0.500000
2.227508,dataFail,8,80,1,0,1,nan,0.500000
2.228094,dataFail,9,80,2,0,1,nan,0.500000
2.228884,dataFail,5,80,2,0,1,nan,0.500000
2.229217,dataFail,6,80,2,0,1,nan,0.500000
2.229434,dataFail,5,40,2,0,1,nan,0.500000
2.234912,dataFail,11,40,2,0,1,nan,0.500000
2.236128,dataFail,7,80,2,0,1,nan,0.500000
2.236317,dataFail,8,80,2,0,1,nan,0.500000
2.236705,dataFail,10,80,2,0,1,nan,0.500000
2.237290,dataFail,7,40,2,0,1,nan,0.500000
2.237723,dataFail,8,40,2,0,1,nan,0.500000
2.238786,dataFail,11,80,2,0,1,nan,0.500000
2.242947,dataFail,9,80,1,0,1,nan,0.500000
2.244631,dataFail,9,80,2,0,1,nan,0.500000
2.248430,dataFail,10,80,1,0,1,nan,0.500000
2.248683,dataFail,10,20,2,0,1,nan,0.500000
2.249107,dataFail,10,40,1,0,1,nan,0.500000
2.249783,dataFail,10,80,2,0,1,nan,0.500000
2.250469,dataFail,11,80,1,0,1,nan,0.500000
2.251352,dataFail,6,80,1,0,1,nan,0.500000
2.253837,dataFail,9,40,2,0,1,nan,0.500000
2.259052,dataFail,8,80,2,0,1,nan,0.500000
2.262103,dataFail,11,80,2,0,1,nan,0.500000
2.262391,dataFail,7,80,2,0,1,nan,0.500000
2.262752,dataFail,6,80,2,0,1,nan,0.500000
2.263076,dataFail,10,40,2,0,1,nan,0.500000
2.264247,dataFail,5,80,2,0,1,nan,0.500000
2.265265,dataFail,11,40,2,0,1,nan,0.500000
2.267209,dataFail,9,80,2,0,1,nan,0.500000
2.270297,dataFail,6,40,2,0,1,nan,0.500000
2.273742,dataFail,10,80,2,0,1,nan,0.500000
2.273950,dataFail,11,80,2,0,1,nan,0.500000
2.274139,dataFail,4,80,2,0,1,nan,0.500000
2.274573,dataFail,8,80,1,0,1,nan,0.500000
2.274879,dataFail,7,20,2,0,1,nan,0.500000
2.277706,dataFail,7,40,1,0,1,nan,0.500000
2.283009,dataFail,8,80,2,0,1,nan,0.500000
2.289370,dataFail,9,80,1,0,1,nan,0.500000
2.298156,dataFail,7,80,1,0,1,nan,0.500000
2.298418,dataFail,11,80,1,0,1,nan,0.500000
2.298735,dataFail,10,80,1,0,1,nan,0.500000
2.299095,dataFail,7,80,2,0,1,nan,0.500000
2.300991,dataFail,9,80,2,0,1,nan,0.500000
2.303546,dataFail,10,80,2,0,1,nan,0.500000
2.304267,dataFail,11,80,2,0,1,nan,0.500000
2.304861,dataFail,8,40,2,0,1,nan,0.500000
2.313000,dataFail,6,80,2,0,1,nan,0.500000
2.313154,dataFail,9,20,2,0,1,nan,0.500000
2.313470,dataFail,9,40,1,0,1,nan,0.500000
2.313687,dataFail,3,80,2,0,1,nan,0.500000
2.314580,dataFail,5,80,1,0,1,nan,0.500000
2.316632,dataFail,5,80,2,0,1,nan,0.500000
2.319477,dataFail,8,80,2,0,1,nan,0.500000
2.322294,dataFail,9,40,2,0,1,nan,0.500000
2.326327,dataFail,11,40,2,0,1,nan,0.500000
2.326490,dataFail,10,40,2,0,1,nan,0.500000
2.326724,dataFail,7,40,2,0,1,nan,0.500000
2.327085,dataFail,11,80,2,0,1,nan,0.500000
2.327310,dataFail,11,20,2,0,1,nan,0.500000
2.330124,dataFail,11,40,1,0,1,nan,0.500000
2.335034,dataFail,10,80,2,0,1,nan,0.500000
2.343414,dataFail,9,80,2,0,1,nan,0.500000
2.348626,dataFail,7,80,2,0,1,nan,0.500000
2.348879,dataFail,11,80,2,0,1,nan,0.500000
2.349203,dataFail,5,40,2,0,1,nan,0.500000
2.349790,dataFail,11,80,1,0,1,nan,0.500000
2.350753,dataFail,8,80,2,0,1,nan,0.500000
2.351465,dataFail,10,80,2,0,1,nan,0.500000
2.356593,dataFail,6,80,2,0,1,nan,0.500000
2.363381,dataFail,4,80,2,0,1,nan,0.500000
2.368422,dataFail,10,80,1,0,1,nan,0.500000
2.368639,dataFail,8,80,1,0,1,nan,0.500000
2.368839,dataFail,6,80,1,0,1,nan,0.500000
2.369272,dataFail,9,80,2,0,1,nan,0.500000
2.370771,dataFail,9,80,1,0,1,nan,0.500000
2.371278,dataOk,2,80,2,1,0,25.573877,0.500000
2.892889,dataFail,2,80,2,0,1,nan,0.500000
2.893237,dataFail,2,80,2,0,1,nan,0.500000
2.893880,dataFail,2,80,2,0,1,nan,0.500000
2.894246,dataFail,2,80,2,0,1,nan,0.500000
2.894958,dataOk,2,80,2,1,0,64.778567,0.500000
