time_s,kind,mcs,width_mhz,nss,n_succ,n_fail,data_snr_linear,q
0.120276,dataFail,0,20,1,0,1,nan,0.500000
0.120598,dataFail,0,20,1,0,1,nan,0.500000
0.120905,dataFail,0,20,1,0,1,nan,0.500000
0.121938,dataOk,0,20,1,1,0,239923.397674,0.500000
0.511014,dataFail,0,20,1,0,1,nan,0.500000
0.511295,dataFail,0,20,1,0,1,nan,0.500000
0.513028,dataOk,0,20,1,1,0,7114.541401,0.500000
0.513824,dataFail,11,80,2,0,1,nan,0.500000
0.515507,dataFail,10,80,2,0,1,nan,0.500000
0.515804,dataOk,9,80,2,1,0,2803.342652,0.500000
0.530052,dataOk,9,80,2,1,0,87807.342661,0.500000
