time_s,kind,mcs,width_mhz,nss,n_succ,n_fail,data_snr_linear,q
0.120276,dataFail,0,0,1,nan,0.482000
0.121345,dataFail,0,0,1,nan,0.464000
0.122794,dataOk,0,20,1,1,0,3531.937253,0.466000
0.503310,dataOk,0,20,1,1,0,1552.006219,0.468000
0.503728,dataFail,71,0,1,nan,0.450000
0.504070,dataFail,65,0,1,nan,0.432000
0.505667,dataFail,59,0,1,nan,0.414000
0.513832,dataFail,53,0,1,nan,0.396000
0.514490,dataFail,71,0,1,nan,0.378000
0.531460,dataFail,47,0,1,nan,0.360000
0.570267,dataFail,65,0,1,nan,0.342000
0.606009,dataOk,6,80,2,1,0,186.660029,0.344000
0.643148,dataFail,41,0,1,nan,0.326000
0.643433,dataFail,41,0,1,nan,0.308000
0.644003,dataOk,6,80,2,1,0,783.173025,0.310000
